1	0.251752115352330	0.380786190418689	0.219316063051831	0.437103090402477	0.251752115352330	0.191059111639396	0.331725229121730	0.437103090402477	0.331725229121730	0.0419023321749326	0.437103090402477	0.337349398000000	0.219316063051831	0.437103090402477	0.437103090402477	0.166442820614595	0.166442820614595	0.437103090402477	0.380786190418689	0.251752115352330	0.00697434235752547	0.144998122813578	0.331725229121730	0.331725229121730	0.0633791275843727	0.380786190418689	0.166442820614595	0.437103090402477	0.437103090402477	0.380786190418689	0.144998122813578	0.00461100083426822	0.380786190418689	0.191059111639396	0.000254588493072132	0.219316063051831	0.0835125281471318	0.437103090402477	0.00697434235752547	0.437103090402477	0.166442820614595	0.0480995355125548	0.0365035841404351	0.437103090402477	0.331725229121730	0.437103090402477	0.219316063051831	0.437103090402477	0.219316063051831	0.288985342443404	0.437103090402477	0.437103090402477	0.331725229121730	0.437103090402477	0.380786190418689	0.437103090402477	0.288985342443404	0.331725229121730	0.219316063051831	0.219316063051831	0.106060606000000	0.251752115352330	0.251752115352330	0.126316386263030	0.251752115352330	0.331725229121730	0.0958637289348599	0.380786190418689	0.437103090402477	0.166442820614595	0.331725229121730	0.219316063051831	0.191059111639396	0.437103090402477	0.437103090402477	0.138694639000000	0.119238477000000	0.219316063051831	0.0958637289348599	0.0835125281471318	0.0552132828040434	0.288985342443404	0.288985342443404	0.219316063051831	0.251752115352330	0.437103090402477	0.437103090402477	0.0835125281471318	0.219316063051831	0.191059111639396	0.134615385000000	0.331725229121730	0.184210526000000	0.288985342443404	0.166442820614595	0.288985342443404	0.311111111000000	0.110041627635864	0.219316063051831
0.251752115352330	1	0.380786190418689	0.219316063051831	0.437103090402477	0.251752115352330	0.191059111639396	0.331725229121730	0.437103090402477	0.331725229121730	0.0419023321749326	0.437103090402477	0.000668586465260734	0.219316063051831	0.437103090402477	0.437103090402477	0.166442820614595	0.166442820614595	0.437103090402477	0.380786190418689	0.251752115352330	0.00697434235752547	0.144998122813578	0.331725229121730	0.331725229121730	0.0633791275843727	0.380786190418689	0.166442820614595	0.437103090402477	0.437103090402477	0.380786190418689	0.144998122813578	0.00461100083426822	0.380786190418689	0.191059111639396	0.000254588493072132	0.219316063051831	0.0835125281471318	0.437103090402477	0.00697434235752547	0.437103090402477	0.166442820614595	0.0480995355125548	0.0365035841404351	0.437103090402477	0.331725229121730	0.437103090402477	0.219316063051831	0.437103090402477	0.219316063051831	0.288985342443404	0.437103090402477	0.437103090402477	0.331725229121730	0.437103090402477	0.380786190418689	0.437103090402477	0.288985342443404	0.331725229121730	0.219316063051831	0.219316063051831	0.191059111639396	0.251752115352330	0.251752115352330	0.126316386263030	0.251752115352330	0.331725229121730	0.0958637289348599	0.380786190418689	0.437103090402477	0.166442820614595	0.331725229121730	0.219316063051831	0.191059111639396	0.437103090402477	0.437103090402477	0.0633791275843727	0.0365035841404351	0.219316063051831	0.0958637289348599	0.0835125281471318	0.0552132828040434	0.288985342443404	0.288985342443404	0.219316063051831	0.251752115352330	0.437103090402477	0.437103090402477	0.0835125281471318	0.219316063051831	0.191059111639396	0.110041627635864	0.331725229121730	0.166442820614595	0.288985342443404	0.166442820614595	0.288985342443404	0.437103090402477	0.110041627635864	0.219316063051831
0.380786190418689	0.380786190418689	1	0.331725229121730	0.661137724231856	0.380786190418689	0.288985342443404	0.501749056154897	0.661137724231856	0.501749056154897	0.0633791275843727	0.661137724231856	0.00101126654970042	0.331725229121730	0.661137724231856	0.661137724231856	0.251752115352330	0.251752115352330	0.661137724231856	0.575955926370873	0.380786190418689	0.0105490007632353	0.219316063051831	0.501749056154897	0.501749056154897	0.0958637289348599	0.575955926370873	0.251752115352330	0.661137724231856	0.661137724231856	0.575955926370873	0.219316063051831	0.00697434235752547	0.575955926370873	0.288985342443404	0.000385076336958273	0.331725229121730	0.126316386263030	0.661137724231856	0.0105490007632353	0.661137724231856	0.251752115352330	0.0727526712659445	0.0552132828040434	0.661137724231856	0.501749056154897	0.661137724231856	0.331725229121730	0.661137724231856	0.331725229121730	0.437103090402477	0.661137724231856	0.661137724231856	0.501749056154897	0.661137724231856	0.575955926370873	0.661137724231856	0.437103090402477	0.501749056154897	0.331725229121730	0.331725229121730	0.288985342443404	0.380786190418689	0.380786190418689	0.191059111639396	0.380786190418689	0.501749056154897	0.144998122813578	0.575955926370873	0.661137724231856	0.251752115352330	0.501749056154897	0.331725229121730	0.288985342443404	0.661137724231856	0.661137724231856	0.0958637289348599	0.0552132828040434	0.331725229121730	0.144998122813578	0.126316386263030	0.0835125281471318	0.437103090402477	0.437103090402477	0.331725229121730	0.380786190418689	0.661137724231856	0.661137724231856	0.126316386263030	0.331725229121730	0.288985342443404	0.166442820614595	0.501749056154897	0.251752115352330	0.437103090402477	0.251752115352330	0.437103090402477	0.661137724231856	0.166442820614595	0.331725229121730
0.219316063051831	0.219316063051831	0.331725229121730	1	0.879518072000000	0.219316063051831	0.166442820614595	0.288985342443404	0.380786190418689	0.337349398000000	0.126126126000000	0.380786190418689	0.168674699000000	0.191059111639396	0.380786190418689	0.380786190418689	0.113913751000000	0.144998122813578	0.337349398000000	0.191780822000000	0.113913751000000	0.118644068000000	0.126316386263030	0.288985342443404	0.288985342443404	0.0552132828040434	0.331725229121730	0.144998122813578	0.380786190418689	0.380786190418689	0.120793788000000	0.134615385000000	0.00401691381335619	0.331725229121730	0.166442820614595	0.144329897000000	0.191059111639396	0.252252252000000	0.252252252000000	0.288659794000000	0.380786190418689	0.144998122813578	0.405797101000000	0.237288136000000	0.380786190418689	0.288985342443404	0.380786190418689	0.191059111639396	0.380786190418689	0.368421053000000	0.251752115352330	0.380786190418689	0.380786190418689	0.288985342443404	0.191780822000000	0.331725229121730	0.380786190418689	0.251752115352330	0.168674699000000	0.191059111639396	0.155555556000000	0.166442820614595	0.219316063051831	0.219316063051831	0.110041627635864	0.219316063051831	0.288985342443404	0.0835125281471318	0.331725229121730	0.380786190418689	0.144998122813578	0.288985342443404	0.191059111639396	0.120793788000000	0.380786190418689	0.380786190418689	0.0552132828040434	0.280561122000000	0.191059111639396	0.144329897000000	0.0727526712659445	0.0480995355125548	0.251752115352330	0.251752115352330	0.191059111639396	0.219316063051831	0.380786190418689	0.131086142000000	0.0727526712659445	0.191059111639396	0.166442820614595	0.0958637289348599	0.288985342443404	0.144998122813578	0.251752115352330	0.144998122813578	0.251752115352330	0.155555556000000	0.0958637289348599	0.191059111639396
0.437103090402477	0.437103090402477	0.661137724231856	0.879518072000000	1	0.437103090402477	0.331725229121730	0.575955926370873	0.758917601832289	0.311111111000000	0.118644068000000	0.758917601832289	0.155555556000000	0.380786190418689	0.758917601832289	0.758917601832289	0.107775212000000	0.288985342443404	0.311111111000000	0.183006536000000	0.107775212000000	0.112000000000000	0.251752115352330	0.575955926370873	0.575955926370873	0.110041627635864	0.661137724231856	0.288985342443404	0.758917601832289	0.758917601832289	0.113913751000000	0.126126126000000	0.00800582236096150	0.661137724231856	0.331725229121730	0.134615385000000	0.380786190418689	0.237288136000000	0.237288136000000	0.269230769000000	0.758917601832289	0.288985342443404	0.368421053000000	0.224000000000000	0.758917601832289	0.575955926370873	0.758917601832289	0.380786190418689	0.758917601832289	0.337349398000000	0.501749056154897	0.758917601832289	0.758917601832289	0.575955926370873	0.183006536000000	0.661137724231856	0.758917601832289	0.501749056154897	0.155555556000000	0.380786190418689	0.144329897000000	0.331725229121730	0.437103090402477	0.437103090402477	0.219316063051831	0.437103090402477	0.575955926370873	0.166442820614595	0.661137724231856	0.758917601832289	0.288985342443404	0.575955926370873	0.380786190418689	0.113913751000000	0.758917601832289	0.758917601832289	0.110041627635864	0.262172285000000	0.380786190418689	0.134615385000000	0.144998122813578	0.0958637289348599	0.501749056154897	0.501749056154897	0.380786190418689	0.437103090402477	0.758917601832289	0.123022847000000	0.144998122813578	0.380786190418689	0.331725229121730	0.191059111639396	0.575955926370873	0.288985342443404	0.501749056154897	0.288985342443404	0.501749056154897	0.144329897000000	0.191059111639396	0.380786190418689
0.251752115352330	0.251752115352330	0.380786190418689	0.219316063051831	0.437103090402477	1	0.191059111639396	0.331725229121730	0.437103090402477	0.331725229121730	0.0419023321749326	0.437103090402477	0.000668586465260734	0.219316063051831	0.437103090402477	0.437103090402477	0.166442820614595	0.166442820614595	0.437103090402477	0.380786190418689	0.251752115352330	0.00697434235752547	0.144998122813578	0.331725229121730	0.331725229121730	0.0633791275843727	0.380786190418689	0.166442820614595	0.437103090402477	0.437103090402477	0.380786190418689	0.144998122813578	0.00461100083426822	0.380786190418689	0.191059111639396	0.000254588493072132	0.219316063051831	0.0835125281471318	0.437103090402477	0.00697434235752547	0.437103090402477	0.166442820614595	0.0480995355125548	0.0365035841404351	0.437103090402477	0.331725229121730	0.437103090402477	0.219316063051831	0.437103090402477	0.219316063051831	0.288985342443404	0.437103090402477	0.437103090402477	0.331725229121730	0.437103090402477	0.380786190418689	0.437103090402477	0.288985342443404	0.331725229121730	0.219316063051831	0.337349398000000	0.191059111639396	0.251752115352330	0.251752115352330	0.126316386263030	0.251752115352330	0.331725229121730	0.0958637289348599	0.380786190418689	0.437103090402477	0.166442820614595	0.331725229121730	0.219316063051831	0.257116621000000	0.437103090402477	0.437103090402477	0.0633791275843727	0.0365035841404351	0.219316063051831	0.0958637289348599	0.0835125281471318	0.0552132828040434	0.288985342443404	0.288985342443404	0.219316063051831	0.251752115352330	0.437103090402477	0.437103090402477	0.257116621000000	0.219316063051831	0.191059111639396	0.110041627635864	0.301724138000000	0.166442820614595	0.288985342443404	0.166442820614595	0.288985342443404	0.437103090402477	0.110041627635864	0.219316063051831
0.191059111639396	0.191059111639396	0.288985342443404	0.166442820614595	0.331725229121730	0.191059111639396	1	0.251752115352330	0.331725229121730	0.251752115352330	0.0318004174453798	0.331725229121730	0.000507402036833203	0.166442820614595	0.331725229121730	0.331725229121730	0.126316386263030	0.126316386263030	0.331725229121730	0.288985342443404	0.191059111639396	0.00697434235752547	0.110041627635864	0.251752115352330	0.251752115352330	0.0480995355125548	0.288985342443404	0.126316386263030	0.331725229121730	0.331725229121730	0.288985342443404	0.110041627635864	0.00349936969518952	0.288985342443404	0.144998122813578	0.000254588493072132	0.166442820614595	0.0835125281471318	0.331725229121730	0.00529295117633059	0.331725229121730	0.126316386263030	0.0365035841404351	0.0365035841404351	0.331725229121730	0.251752115352330	0.331725229121730	0.166442820614595	0.331725229121730	0.166442820614595	0.219316063051831	0.355932203000000	0.331725229121730	0.251752115352330	0.331725229121730	0.288985342443404	0.331725229121730	0.219316063051831	0.251752115352330	0.166442820614595	0.166442820614595	0.144998122813578	0.191059111639396	0.318181818000000	0.318449874000000	0.474576271000000	0.251752115352330	0.0727526712659445	0.288985342443404	0.331725229121730	0.126126126000000	0.251752115352330	0.166442820614595	0.144998122813578	0.331725229121730	0.331725229121730	0.0480995355125548	0.0277032125341422	0.166442820614595	0.0727526712659445	0.0633791275843727	0.0419023321749326	0.219316063051831	0.219316063051831	0.166442820614595	0.191059111639396	0.331725229121730	0.331725229121730	0.0633791275843727	0.166442820614595	0.144998122813578	0.0835125281471318	0.251752115352330	0.126316386263030	0.219316063051831	0.126316386263030	0.219316063051831	0.331725229121730	0.0835125281471318	0.166442820614595
0.331725229121730	0.331725229121730	0.501749056154897	0.288985342443404	0.575955926370873	0.331725229121730	0.251752115352330	1	0.758917601832289	0.437103090402477	0.0552132828040434	0.575955926370873	0.000880973723163799	0.354166667000000	0.575955926370873	0.575955926370873	0.219316063051831	0.219316063051831	0.575955926370873	0.501749056154897	0.331725229121730	0.00918985452529630	0.577319588000000	0.437103090402477	0.437103090402477	0.235888795000000	0.501749056154897	0.235888795000000	0.154355017000000	0.575955926370873	0.501749056154897	0.191059111639396	0.00607575950687622	0.501749056154897	0.251752115352330	0.000335462627902512	0.288985342443404	0.110041627635864	0.575955926370873	0.00918985452529630	0.254545455000000	0.219316063051831	0.0633791275843727	0.0480995355125548	0.575955926370873	0.451612903000000	0.147523709000000	0.288985342443404	0.575955926370873	0.288985342443404	0.380786190418689	0.269230769000000	0.575955926370873	0.437103090402477	0.575955926370873	0.501749056154897	0.575955926370873	0.380786190418689	0.437103090402477	0.288985342443404	0.288985342443404	0.251752115352330	0.331725229121730	0.355932203000000	0.166442820614595	0.331725229121730	0.368421053000000	0.126316386263030	0.501749056154897	0.575955926370873	0.219316063051831	0.437103090402477	0.288985342443404	0.251752115352330	0.575955926370873	0.575955926370873	0.0835125281471318	0.0480995355125548	0.288985342443404	0.126316386263030	0.110041627635864	0.0727526712659445	0.284348865000000	0.380786190418689	0.288985342443404	0.331725229121730	0.575955926370873	0.575955926370873	0.110041627635864	0.288985342443404	0.251752115352330	0.144998122813578	0.437103090402477	0.219316063051831	0.380786190418689	0.337349398000000	0.380786190418689	0.575955926370873	0.144998122813578	0.288985342443404
0.437103090402477	0.437103090402477	0.661137724231856	0.380786190418689	0.758917601832289	0.437103090402477	0.331725229121730	0.758917601832289	1	0.575955926370873	0.0727526712659445	0.758917601832289	0.00116082921391838	0.380786190418689	0.758917601832289	0.758917601832289	0.288985342443404	0.288985342443404	0.758917601832289	0.661137724231856	0.437103090402477	0.0121091598127502	0.251752115352330	0.575955926370873	0.575955926370873	0.110041627635864	0.661137724231856	0.288985342443404	0.758917601832289	0.758917601832289	0.661137724231856	0.251752115352330	0.00800582236096150	0.661137724231856	0.331725229121730	0.000442027734094702	0.380786190418689	0.144998122813578	0.758917601832289	0.0121091598127502	0.758917601832289	0.288985342443404	0.0835125281471318	0.0633791275843727	0.758917601832289	0.575955926370873	0.758917601832289	0.380786190418689	0.758917601832289	0.380786190418689	0.501749056154897	0.758917601832289	0.758917601832289	0.575955926370873	0.758917601832289	0.661137724231856	0.758917601832289	0.501749056154897	0.575955926370873	0.380786190418689	0.380786190418689	0.331725229121730	0.437103090402477	0.437103090402477	0.219316063051831	0.437103090402477	0.575955926370873	0.166442820614595	0.661137724231856	0.758917601832289	0.288985342443404	0.575955926370873	0.380786190418689	0.331725229121730	0.758917601832289	0.758917601832289	0.110041627635864	0.0633791275843727	0.380786190418689	0.166442820614595	0.144998122813578	0.0958637289348599	0.501749056154897	0.501749056154897	0.380786190418689	0.437103090402477	0.758917601832289	0.758917601832289	0.144998122813578	0.380786190418689	0.331725229121730	0.191059111639396	0.575955926370873	0.288985342443404	0.501749056154897	0.288985342443404	0.501749056154897	0.758917601832289	0.191059111639396	0.380786190418689
0.331725229121730	0.331725229121730	0.501749056154897	0.337349398000000	0.311111111000000	0.331725229121730	0.251752115352330	0.437103090402477	0.575955926370873	1	0.118644068000000	0.575955926370873	0.155555556000000	0.288985342443404	0.575955926370873	0.575955926370873	0.107775212000000	0.219316063051831	0.622222222000000	0.366013072000000	0.107775212000000	0.112000000000000	0.191059111639396	0.437103090402477	0.437103090402477	0.0835125281471318	0.501749056154897	0.219316063051831	0.575955926370873	0.575955926370873	0.113913751000000	0.126126126000000	0.00607575950687622	0.501749056154897	0.251752115352330	0.134615385000000	0.288985342443404	0.355932203000000	0.355932203000000	0.403846154000000	0.575955926370873	0.219316063051831	0.368421053000000	0.448000000000000	0.575955926370873	0.437103090402477	0.575955926370873	0.288985342443404	0.575955926370873	0.337349398000000	0.380786190418689	0.575955926370873	0.575955926370873	0.437103090402477	0.366013072000000	0.501749056154897	0.575955926370873	0.380786190418689	0.155555556000000	0.288985342443404	0.144329897000000	0.251752115352330	0.331725229121730	0.331725229121730	0.166442820614595	0.331725229121730	0.437103090402477	0.126316386263030	0.501749056154897	0.575955926370873	0.219316063051831	0.437103090402477	0.288985342443404	0.113913751000000	0.575955926370873	0.575955926370873	0.0835125281471318	0.262172285000000	0.288985342443404	0.134615385000000	0.110041627635864	0.0727526712659445	0.380786190418689	0.380786190418689	0.288985342443404	0.331725229121730	0.575955926370873	0.123022847000000	0.110041627635864	0.288985342443404	0.251752115352330	0.144998122813578	0.437103090402477	0.219316063051831	0.380786190418689	0.219316063051831	0.380786190418689	0.144329897000000	0.144998122813578	0.288985342443404
0.0419023321749326	0.0419023321749326	0.0633791275843727	0.126126126000000	0.118644068000000	0.0419023321749326	0.0318004174453798	0.0552132828040434	0.0727526712659445	0.118644068000000	1	0.0958637289348599	0.237288136000000	0.0365035841404351	0.0727526712659445	0.0727526712659445	0.518682711000000	0.0277032125341422	0.118644068000000	0.618784530000000	0.177327422000000	0.183006536000000	0.0241338965449133	0.0552132828040434	0.0727526712659445	0.0105490007632353	0.0633791275843727	0.0277032125341422	0.0727526712659445	0.0727526712659445	0.542743539000000	0.201438849000000	0.00101126654970042	0.0633791275843727	0.0318004174453798	0.212121212000000	0.106060606000000	0.0958904110000000	0.0958904110000000	0.106060606000000	0.0727526712659445	0.0277032125341422	0.134615385000000	0.183006536000000	0.0727526712659445	0.0552132828040434	0.0727526712659445	0.0365035841404351	0.0727526712659445	0.126126126000000	0.0480995355125548	0.0727526712659445	0.0727526712659445	0.0552132828040434	0.618784530000000	0.0633791275843727	0.0727526712659445	0.0480995355125548	0.237288136000000	0.0365035841404351	0.224000000000000	0.335329341000000	0.0419023321749326	0.0419023321749326	0.0210244556194614	0.0419023321749326	0.0552132828040434	0.0159558294385510	0.0633791275843727	0.0727526712659445	0.0277032125341422	0.0552132828040434	0.0365035841404351	0.185553347000000	0.0727526712659445	0.0727526712659445	0.0105490007632353	0.103857567000000	0.0365035841404351	0.212121212000000	0.0139000607414644	0.00918985452529630	0.117944398000000	0.0480995355125548	0.0365035841404351	0.0419023321749326	0.0958637289348599	0.562764457000000	0.0139000607414644	0.0365035841404351	0.0318004174453798	0.0183156388887342	0.0552132828040434	0.0277032125341422	0.0480995355125548	0.0277032125341422	0.0480995355125548	0.224000000000000	0.0183156388887342	0.0365035841404351
0.437103090402477	0.437103090402477	0.661137724231856	0.380786190418689	0.758917601832289	0.437103090402477	0.331725229121730	0.575955926370873	0.758917601832289	0.575955926370873	0.0958637289348599	1	0.00152958530822811	0.380786190418689	0.758917601832289	0.758917601832289	0.288985342443404	0.288985342443404	0.758917601832289	0.661137724231856	0.437103090402477	0.0159558294385510	0.251752115352330	0.575955926370873	0.758917601832289	0.110041627635864	0.661137724231856	0.288985342443404	0.758917601832289	0.758917601832289	0.661137724231856	0.251752115352330	0.00800582236096150	0.661137724231856	0.331725229121730	0.000582444962440579	0.380786190418689	0.144998122813578	0.758917601832289	0.0121091598127502	0.758917601832289	0.288985342443404	0.0835125281471318	0.0835125281471318	0.758917601832289	0.575955926370873	0.758917601832289	0.380786190418689	0.758917601832289	0.380786190418689	0.501749056154897	0.758917601832289	0.758917601832289	0.575955926370873	1	0.661137724231856	0.758917601832289	0.501749056154897	0.575955926370873	0.380786190418689	0.380786190418689	0.331725229121730	0.437103090402477	0.437103090402477	0.219316063051831	0.437103090402477	0.575955926370873	0.166442820614595	0.661137724231856	0.758917601832289	0.288985342443404	0.575955926370873	0.380786190418689	0.331725229121730	0.758917601832289	0.758917601832289	0.110041627635864	0.0633791275843727	0.380786190418689	0.166442820614595	0.144998122813578	0.0958637289348599	0.501749056154897	0.501749056154897	0.380786190418689	0.437103090402477	1	0.758917601832289	0.144998122813578	0.380786190418689	0.331725229121730	0.191059111639396	0.575955926370873	0.288985342443404	0.501749056154897	0.288985342443404	0.501749056154897	0.758917601832289	0.191059111639396	0.380786190418689
0.337349398000000	0.000668586465260734	0.00101126654970042	0.168674699000000	0.155555556000000	0.000668586465260734	0.000507402036833203	0.000880973723163799	0.00116082921391838	0.155555556000000	0.237288136000000	0.00152958530822811	1	0.000582444962440579	0.00116082921391838	0.00116082921391838	0.215550423000000	0.000442027734094702	0.155555556000000	0.183006536000000	0.215550423000000	0.224000000000000	0.000385076336958273	0.000880973723163799	0.00116082921391838	0.000168318056925327	0.00101126654970042	0.000442027734094702	0.00116082921391838	0.00116082921391838	0.227827502000000	0.252252252000000	1.22455882636108e-05	0.00101126654970042	0.000507402036833203	0.269230769000000	0.000582444962440579	0.118644068000000	0.118644068000000	0.134615385000000	0.00116082921391838	0.000442027734094702	0.184210526000000	0.224000000000000	0.00116082921391838	0.000880973723163799	0.00116082921391838	0.000582444962440579	0.00116082921391838	0.168674699000000	0.000767467984711854	0.00116082921391838	0.00116082921391838	0.000880973723163799	0.183006536000000	0.00101126654970042	0.00116082921391838	0.000767467984711854	0.311111111000000	0.000582444962440579	0.288659794000000	0.100719424000000	0.000668586465260734	0.000668586465260734	0.000335462627902512	0.000668586465260734	0.000880973723163799	0.000254588493072132	0.00133251165509783	0.00116082921391838	0.000442027734094702	0.000880973723163799	0.000582444962440579	0.227827502000000	0.00116082921391838	0.00116082921391838	0.128232759000000	0.242509363000000	0.000582444962440579	0.269230769000000	0.000221786998376305	0.000146631751370724	0.000767467984711854	0.000767467984711854	0.000582444962440579	0.000668586465260734	0.00152958530822811	0.246045694000000	0.000292241210166735	0.000582444962440579	0.000507402036833203	0.126126126000000	0.000880973723163799	0.168674699000000	0.000767467984711854	0.000442027734094702	0.000767467984711854	0.896907216000000	0.000292241210166735	0.000582444962440579
0.219316063051831	0.219316063051831	0.331725229121730	0.191059111639396	0.380786190418689	0.219316063051831	0.166442820614595	0.354166667000000	0.380786190418689	0.288985342443404	0.0365035841404351	0.380786190418689	0.000582444962440579	1	0.380786190418689	0.380786190418689	0.144998122813578	0.144998122813578	0.380786190418689	0.331725229121730	0.219316063051831	0.00607575950687622	0.246376812000000	0.288985342443404	0.288985342443404	0.187431092000000	0.331725229121730	0.187431092000000	0.271132376000000	0.380786190418689	0.331725229121730	0.126316386263030	0.00401691381335619	0.331725229121730	0.166442820614595	0.000221786998376305	0.191059111639396	0.0727526712659445	0.380786190418689	0.00607575950687622	0.629629630000000	0.144998122813578	0.0419023321749326	0.0318004174453798	0.380786190418689	0.500000000000000	0.254110613000000	0.191059111639396	0.380786190418689	0.191059111639396	0.251752115352330	0.223684211000000	0.380786190418689	0.288985342443404	0.380786190418689	0.331725229121730	0.380786190418689	0.251752115352330	0.288985342443404	0.191059111639396	0.191059111639396	0.166442820614595	0.219316063051831	0.188888889000000	0.110041627635864	0.219316063051831	0.354166667000000	0.0835125281471318	0.331725229121730	0.380786190418689	0.144998122813578	0.288985342443404	0.191059111639396	0.166442820614595	0.380786190418689	0.380786190418689	0.0552132828040434	0.0318004174453798	0.191059111639396	0.0835125281471318	0.0727526712659445	0.0480995355125548	0.267504488000000	0.251752115352330	0.191059111639396	0.219316063051831	0.380786190418689	0.380786190418689	0.0727526712659445	0.191059111639396	0.166442820614595	0.0958637289348599	0.288985342443404	0.144998122813578	0.251752115352330	0.309090909000000	0.251752115352330	0.380786190418689	0.0958637289348599	0.191059111639396
0.437103090402477	0.437103090402477	0.661137724231856	0.380786190418689	0.758917601832289	0.437103090402477	0.331725229121730	0.575955926370873	0.758917601832289	0.575955926370873	0.0727526712659445	0.758917601832289	0.00116082921391838	0.380786190418689	1	0.758917601832289	0.288985342443404	0.288985342443404	0.758917601832289	0.661137724231856	0.437103090402477	0.0121091598127502	0.251752115352330	0.575955926370873	0.575955926370873	0.110041627635864	0.661137724231856	0.288985342443404	0.758917601832289	0.758917601832289	0.661137724231856	0.251752115352330	0.00800582236096150	0.661137724231856	0.331725229121730	0.000442027734094702	0.380786190418689	0.144998122813578	0.758917601832289	0.0121091598127502	0.758917601832289	0.288985342443404	0.0835125281471318	0.0633791275843727	0.758917601832289	0.575955926370873	0.758917601832289	0.380786190418689	0.758917601832289	0.380786190418689	0.501749056154897	0.758917601832289	0.758917601832289	0.575955926370873	0.758917601832289	0.661137724231856	0.758917601832289	0.501749056154897	0.575955926370873	0.380786190418689	0.380786190418689	0.331725229121730	0.437103090402477	0.437103090402477	0.219316063051831	0.437103090402477	0.575955926370873	0.166442820614595	0.661137724231856	0.758917601832289	0.288985342443404	0.575955926370873	0.380786190418689	0.331725229121730	0.758917601832289	0.758917601832289	0.110041627635864	0.0633791275843727	0.380786190418689	0.166442820614595	0.144998122813578	0.0958637289348599	0.501749056154897	0.501749056154897	0.380786190418689	0.437103090402477	0.758917601832289	0.758917601832289	0.144998122813578	0.380786190418689	0.331725229121730	0.191059111639396	0.575955926370873	0.288985342443404	0.501749056154897	0.288985342443404	0.501749056154897	0.758917601832289	0.191059111639396	0.380786190418689
0.437103090402477	0.437103090402477	0.661137724231856	0.380786190418689	0.758917601832289	0.437103090402477	0.331725229121730	0.575955926370873	0.758917601832289	0.575955926370873	0.0727526712659445	0.758917601832289	0.00116082921391838	0.380786190418689	0.758917601832289	1	0.288985342443404	0.288985342443404	0.758917601832289	0.661137724231856	0.437103090402477	0.0121091598127502	0.251752115352330	0.575955926370873	0.575955926370873	0.110041627635864	0.661137724231856	0.288985342443404	0.758917601832289	0.758917601832289	0.661137724231856	0.251752115352330	0.00800582236096150	0.661137724231856	0.331725229121730	0.000442027734094702	0.380786190418689	0.144998122813578	0.758917601832289	0.0121091598127502	0.758917601832289	0.288985342443404	0.0835125281471318	0.0633791275843727	0.758917601832289	0.575955926370873	0.758917601832289	0.380786190418689	0.758917601832289	0.380786190418689	0.501749056154897	0.758917601832289	0.758917601832289	0.575955926370873	0.758917601832289	0.661137724231856	0.758917601832289	0.501749056154897	0.575955926370873	0.380786190418689	0.380786190418689	0.331725229121730	0.437103090402477	0.437103090402477	0.219316063051831	0.437103090402477	0.575955926370873	0.166442820614595	0.661137724231856	0.758917601832289	0.288985342443404	0.575955926370873	0.380786190418689	0.331725229121730	0.758917601832289	0.758917601832289	0.110041627635864	0.0633791275843727	0.380786190418689	0.166442820614595	0.144998122813578	0.0958637289348599	0.501749056154897	0.501749056154897	0.380786190418689	0.437103090402477	0.758917601832289	0.758917601832289	0.144998122813578	0.380786190418689	0.331725229121730	0.191059111639396	0.575955926370873	0.288985342443404	0.501749056154897	0.288985342443404	0.501749056154897	0.758917601832289	0.191059111639396	0.380786190418689
0.166442820614595	0.166442820614595	0.251752115352330	0.113913751000000	0.107775212000000	0.166442820614595	0.126316386263030	0.219316063051831	0.288985342443404	0.107775212000000	0.518682711000000	0.288985342443404	0.215550423000000	0.144998122813578	0.288985342443404	0.288985342443404	1	0.110041627635864	0.107775212000000	0.424572317000000	0.164899882000000	0.169799879000000	0.0958637289348599	0.219316063051831	0.219316063051831	0.0419023321749326	0.251752115352330	0.110041627635864	0.288985342443404	0.288985342443404	0.834152334000000	0.185553347000000	0.00304850659799928	0.251752115352330	0.126316386263030	0.194579569000000	0.0972897850000000	0.0886637110000000	0.0886637110000000	0.0972897850000000	0.288985342443404	0.110041627635864	0.120793788000000	0.169799879000000	0.288985342443404	0.219316063051831	0.288985342443404	0.144998122813578	0.288985342443404	0.113913751000000	0.191059111639396	0.288985342443404	0.288985342443404	0.219316063051831	0.424572317000000	0.251752115352330	0.288985342443404	0.191059111639396	0.215550423000000	0.144998122813578	0.204528853000000	0.223029625000000	0.166442820614595	0.166442820614595	0.0835125281471318	0.166442820614595	0.219316063051831	0.0633791275843727	0.251752115352330	0.288985342443404	0.110041627635864	0.219316063051831	0.144998122813578	0.171990172000000	0.288985342443404	0.288985342443404	0.0419023321749326	0.0954328560000000	0.144998122813578	0.194579569000000	0.0552132828040434	0.0365035841404351	0.107197550000000	0.191059111639396	0.144998122813578	0.166442820614595	0.288985342443404	0.505530254000000	0.0552132828040434	0.144998122813578	0.126316386263030	0.0727526712659445	0.219316063051831	0.110041627635864	0.191059111639396	0.110041627635864	0.191059111639396	0.204528853000000	0.0727526712659445	0.144998122813578
0.166442820614595	0.166442820614595	0.251752115352330	0.144998122813578	0.288985342443404	0.166442820614595	0.126316386263030	0.219316063051831	0.288985342443404	0.219316063051831	0.0277032125341422	0.288985342443404	0.000442027734094702	0.144998122813578	0.288985342443404	0.288985342443404	0.110041627635864	1	0.288985342443404	0.251752115352330	0.166442820614595	0.00461100083426822	0.0958637289348599	0.219316063051831	0.219316063051831	0.0419023321749326	0.251752115352330	0.110041627635864	0.288985342443404	0.288985342443404	0.251752115352330	0.0958637289348599	0.00304850659799928	0.251752115352330	0.126316386263030	0.000168318056925327	0.144998122813578	0.0552132828040434	0.288985342443404	0.00461100083426822	0.288985342443404	0.110041627635864	0.0318004174453798	0.0241338965449133	0.288985342443404	0.219316063051831	0.288985342443404	0.144998122813578	0.288985342443404	0.144998122813578	0.191059111639396	0.288985342443404	0.288985342443404	0.219316063051831	0.288985342443404	0.251752115352330	0.288985342443404	0.191059111639396	0.219316063051831	0.144998122813578	0.144998122813578	0.126316386263030	0.166442820614595	0.166442820614595	0.0835125281471318	0.166442820614595	0.219316063051831	0.0633791275843727	0.251752115352330	0.288985342443404	0.110041627635864	0.219316063051831	0.144998122813578	0.126316386263030	0.288985342443404	0.288985342443404	0.0419023321749326	0.0241338965449133	0.144998122813578	0.0633791275843727	0.0552132828040434	0.0365035841404351	0.191059111639396	0.191059111639396	0.144998122813578	0.166442820614595	0.288985342443404	0.288985342443404	0.0552132828040434	0.144998122813578	0.126316386263030	0.0727526712659445	0.219316063051831	0.110041627635864	0.191059111639396	0.110041627635864	0.191059111639396	0.288985342443404	0.0727526712659445	0.144998122813578
0.437103090402477	0.437103090402477	0.661137724231856	0.337349398000000	0.311111111000000	0.437103090402477	0.331725229121730	0.575955926370873	0.758917601832289	0.622222222000000	0.118644068000000	0.758917601832289	0.155555556000000	0.380786190418689	0.758917601832289	0.758917601832289	0.107775212000000	0.288985342443404	1	0.457516340000000	0.107775212000000	0.112000000000000	0.251752115352330	0.575955926370873	0.575955926370873	0.110041627635864	0.661137724231856	0.288985342443404	0.758917601832289	0.758917601832289	0.113913751000000	0.126126126000000	0.00800582236096150	0.661137724231856	0.331725229121730	0.134615385000000	0.380786190418689	0.355932203000000	0.355932203000000	0.403846154000000	0.758917601832289	0.288985342443404	0.368421053000000	0.560000000000000	0.758917601832289	0.575955926370873	0.758917601832289	0.380786190418689	0.758917601832289	0.337349398000000	0.501749056154897	0.758917601832289	0.758917601832289	0.575955926370873	0.457516340000000	0.661137724231856	0.758917601832289	0.501749056154897	0.155555556000000	0.380786190418689	0.144329897000000	0.331725229121730	0.437103090402477	0.437103090402477	0.219316063051831	0.437103090402477	0.575955926370873	0.166442820614595	0.661137724231856	0.758917601832289	0.288985342443404	0.575955926370873	0.380786190418689	0.113913751000000	0.758917601832289	0.758917601832289	0.110041627635864	0.262172285000000	0.380786190418689	0.134615385000000	0.144998122813578	0.0958637289348599	0.501749056154897	0.501749056154897	0.380786190418689	0.437103090402477	0.758917601832289	0.123022847000000	0.144998122813578	0.380786190418689	0.331725229121730	0.191059111639396	0.575955926370873	0.288985342443404	0.501749056154897	0.288985342443404	0.501749056154897	0.144329897000000	0.191059111639396	0.380786190418689
0.380786190418689	0.380786190418689	0.575955926370873	0.191780822000000	0.183006536000000	0.380786190418689	0.288985342443404	0.501749056154897	0.661137724231856	0.366013072000000	0.618784530000000	0.661137724231856	0.183006536000000	0.331725229121730	0.661137724231856	0.661137724231856	0.424572317000000	0.251752115352330	0.457516340000000	1	0.145152929000000	0.148936170000000	0.219316063051831	0.501749056154897	0.501749056154897	0.0958637289348599	0.575955926370873	0.251752115352330	0.661137724231856	0.661137724231856	0.440559441000000	0.160919540000000	0.00697434235752547	0.575955926370873	0.288985342443404	0.167664671000000	0.0838323350000000	0.232044199000000	0.232044199000000	0.251497006000000	0.661137724231856	0.251752115352330	0.201438849000000	0.446808511000000	0.661137724231856	0.501749056154897	0.661137724231856	0.331725229121730	0.661137724231856	0.191780822000000	0.437103090402477	0.661137724231856	0.661137724231856	0.501749056154897	1	0.575955926370873	0.661137724231856	0.437103090402477	0.183006536000000	0.331725229121730	0.175000000000000	0.346534653000000	0.380786190418689	0.380786190418689	0.191059111639396	0.380786190418689	0.501749056154897	0.144998122813578	0.575955926370873	0.661137724231856	0.251752115352330	0.501749056154897	0.331725229121730	0.150618612000000	0.661137724231856	0.661137724231856	0.0958637289348599	0.164899882000000	0.331725229121730	0.167664671000000	0.126316386263030	0.0835125281471318	0.0910865320000000	0.437103090402477	0.331725229121730	0.380786190418689	0.661137724231856	0.451357466000000	0.126316386263030	0.331725229121730	0.288985342443404	0.166442820614595	0.501749056154897	0.251752115352330	0.437103090402477	0.251752115352330	0.437103090402477	0.175000000000000	0.166442820614595	0.331725229121730
0.251752115352330	0.251752115352330	0.380786190418689	0.113913751000000	0.107775212000000	0.251752115352330	0.191059111639396	0.331725229121730	0.437103090402477	0.107775212000000	0.177327422000000	0.437103090402477	0.215550423000000	0.219316063051831	0.437103090402477	0.437103090402477	0.164899882000000	0.166442820614595	0.107775212000000	0.145152929000000	1	0.939357186000000	0.144998122813578	0.331725229121730	0.331725229121730	0.0633791275843727	0.380786190418689	0.166442820614595	0.437103090402477	0.437103090402477	0.171990172000000	0.556660040000000	0.00461100083426822	0.380786190418689	0.191059111639396	0.583738707000000	0.219316063051831	0.0886637110000000	0.0886637110000000	0.0972897850000000	0.437103090402477	0.0927766730000000	0.120793788000000	0.339599757000000	0.371106693000000	0.331725229121730	0.437103090402477	0.219316063051831	0.437103090402477	0.113913751000000	0.288985342443404	0.437103090402477	0.437103090402477	0.331725229121730	0.145152929000000	0.380786190418689	0.437103090402477	0.288985342443404	0.431100847000000	0.219316063051831	0.204528853000000	0.191059111639396	0.251752115352330	0.251752115352330	0.126316386263030	0.251752115352330	0.331725229121730	0.0958637289348599	0.380786190418689	0.437103090402477	0.166442820614595	0.331725229121730	0.120793788000000	0.171990172000000	0.437103090402477	0.437103090402477	0.0633791275843727	0.0954328560000000	0.219316063051831	0.389159138000000	0.0835125281471318	0.0552132828040434	0.288985342443404	0.0972897850000000	0.219316063051831	0.251752115352330	0.437103090402477	0.182173064000000	0.0835125281471318	0.219316063051831	0.191059111639396	0.110041627635864	0.331725229121730	0.166442820614595	0.288985342443404	0.166442820614595	0.288985342443404	0.204528853000000	0.110041627635864	0.219316063051831
0.00697434235752547	0.00697434235752547	0.0105490007632353	0.118644068000000	0.112000000000000	0.00697434235752547	0.00697434235752547	0.00918985452529630	0.0121091598127502	0.112000000000000	0.183006536000000	0.0159558294385510	0.224000000000000	0.00607575950687622	0.0121091598127502	0.0121091598127502	0.169799879000000	0.00461100083426822	0.112000000000000	0.148936170000000	0.939357186000000	1	0.00401691381335619	0.00918985452529630	0.0121091598127502	0.00175580544169839	0.0105490007632353	0.00461100083426822	0.0121091598127502	0.0121091598127502	0.177327422000000	0.575342466000000	0.000168318056925327	0.0105490007632353	0.00529295117633059	0.604316547000000	0.00607575950687622	0.0915032680000000	0.0915032680000000	0.100719424000000	0.0121091598127502	0.0958904110000000	0.126126126000000	0.350000000000000	0.383561644000000	0.00918985452529630	0.0121091598127502	0.00607575950687622	0.0121091598127502	0.118644068000000	0.00800582236096150	0.0121091598127502	0.0121091598127502	0.00918985452529630	0.148936170000000	0.0105490007632353	0.0121091598127502	0.00800582236096150	0.448000000000000	0.00607575950687622	0.212121212000000	0.00529295117633059	0.00697434235752547	0.00697434235752547	0.00349936969518952	0.00697434235752547	0.00918985452529630	0.00265573325699782	0.0105490007632353	0.0121091598127502	0.00461100083426822	0.00918985452529630	0.126126126000000	0.177327422000000	0.0121091598127502	0.0121091598127502	0.00175580544169839	0.0987306060000000	0.00607575950687622	0.402877698000000	0.00231356531652352	0.00152958530822811	0.00800582236096150	0.100719424000000	0.00607575950687622	0.00697434235752547	0.0159558294385510	0.188172043000000	0.00231356531652352	0.00607575950687622	0.00529295117633059	0.00304850659799928	0.00918985452529630	0.00461100083426822	0.00800582236096150	0.00461100083426822	0.00800582236096150	0.212121212000000	0.00304850659799928	0.00607575950687622
